300 340 380 420 460 500 540 580 620 660 720 760
300 340 380 420 460 500 540 580 620 660 700 740
3.5 0 0 0 0 0 0 11.9 15.6 12.1 0.5 0.1
0 6.7 0 0 0 0 0 11.6 15.8 12.2 0.6 0.1
0 0 6.8 0 0 0 0 12.3 17.0 12.5 0.8 0.2
0 0 0 2.8 0 0 0 2.9 8.6 3.2 1.0 0.2
0 0 0 0 4.4 0 0 2.7 8.3 3.4 0.8 0.2
0 0 0 0 0 4.3 0 3.0 8.3 3.4 0.8 0.3
0 0 0 0 0 0 2.4 3.7 8.8 3.6 0.9 0.3
0 0 0 0 0 0 0 8.0 9.3 3.9 1.0 0.4
0 0 0 0 0 0 0 0 80.0 0.4 0.1 0
0 0 0 0 0 0 0 0 0 84.0 0 0
0 0 0 0 0 0 0 0 0 0 85.0 0
0 0 0 0 0 0 0 0 0 0 0 86.0